NAA v4.2 Sample Output
4
6
2
1
-1
2
4
1
0
1
1
4
-1
-1
0
-1
3
1



4
6
2
1
-1
2
4
1
0
1
1
4
-1
-1
0
-1
3
2



4
6
2
1
-1
2
4
1
0
1
1
4
-1
-1
0
-1
3
3
2
2
2
2


4
6
2
1
-1
2
4
1
0
1
1
4
-1
-1
0
-1
3
4
2
2
2
2



4
1
0.333
1.5
-0.333
-2.01
1.45
0.5
2.95
4.32
-1.95
0
2.08
5.11
-4
3.33
-1.11
3
5.4
0.13
3.77
3
2
2
2
2



4
1
0.333
1.5
-0.333
-2.01
1.45
0.5
2.95
4.32
-1.95
0
2.08
5.11
-4
3.33
-1.11
3
5.4
0.13
3.77
4
2
2
2
2
